53.7
83.5
90.7
62.8
65.5
84.5
62.1
71.3
61.
66.4
40.5
43.
63.3
53.4
59.9
48.3
56.8
87.5
25.5
64.6
51.
41.3
65.5
44.9
73.1
70.7
50.3
43.4
56.9
31.1
55.6
11.5
70.6
79.6
71.8
68.2
47.
61.1
54.3
76.9
61.2
45.4
81.3
64.4
64.3
41.
39.5
59.4
38.
45.
40.7
28.1
47.5
50.1
34.3
31.9
47.4
39.9
46.5
65.9
77.4
56.4
79.3
43.5
54.2
63.7
40.
58.9
53.3
78.2
58.7
60.8
64.9
54.
50.3
50.5
25.8
43.2
49.7
57.3
60.8
44.4
66.
74.7
62.5
29.8
43.4
66.1
54.4
26.2
41.3
54.5
52.1
69.6
60.6
57.9
31.1
61.6
62.6
40.
28.3
41.8
35.5
51.
83.9
36.8
79.7
51.5
67.9
50.1
48.6
52.6
56.
28.5
26.2
69.1
42.7
42.3
49.6
55.8
47.3
84.2
72.
29.6
83.5
48.2
60.5
93.4
65.2
78.5
90.8
26.7
47.5
72.
37.6
57.7
39.8
70.5
15.1
60.5
53.9
25.
53.4
40.8
19.6
10.5
86.6
66.5
46.1
42.8
18.9
59.2
56.6
47.2
70.1
58.9
39.7
48.2
53.
42.7
32.2
55.4
54.7
54.5
58.3
46.3
57.7
44.6
39.7
49.2
63.6
47.4
31.9
59.6
42.
59.7
63.5
71.3
41.3
39.4
71.6
37.7
62.4
56.1
57.5
43.1
79.4
41.3
28.7
48.2
47.6
44.5
55.6
28.2
48.
55.2
51.5
40.7
35.3
43.9
36.2
65.7
63.8
42.9
59.3
79.4
66.8
30.
50.6
63.3
68.2
61.
65.6
30.1
72.6
60.1
78.3
45.4
5.
26.6
46.7
46.5
91.5
41.7
72.3
74.3
80.8
71.6
48.1
64.9
45.6
56.7
55.4
68.4
58.8
47.8
33.6
53.1
48.1
50.2
78.5
70.8
72.
27.3
51.
39.2
30.2
77.8
45.6
71.6
70.2
62.2
52.2
57.2
48.4
101.9
59.1
50.3
71.9
75.8
63.5
59.4
55.1
55.4
83.3
25.4
20.6
40.2
80.8
39.1
65.8
32.9
65.7
32.7
72.
24.4
41.5
62.7
62.8
44.9
30.4
53.7
29.8
84.9
37.9
82.8
67.
57.3
80.1
41.7
44.1
59.8
42.2
61.
58.8
72.3
36.7
30.7
67.5
48.2
82.8
32.8
48.2
54.4
34.
55.1
64.4
77.4
35.4
60.9
70.8
53.
43.3
81.4
53.5
52.7
41.
69.9
67.
71.6
54.7
81.8
68.3
72.4
62.8
45.5
56.3
66.1
40.5
60.5
72.3
32.6
48.2
54.1
37.2
43.4
53.5
45.8
95.2
71.6
40.9
54.4
82.1
51.4
66.8
40.3
62.
49.
79.1
41.4
56.3
63.6
50.1
56.
58.4
39.1
73.
86.7
45.5
33.8
75.6
58.6
63.4
65.1
41.7
80.8
54.8
63.8
36.4
50.7
75.4
46.
17.1
86.9
69.8
52.2
64.9
31.1
54.9
56.9
75.9
68.9
46.5
49.7
51.3
34.6
26.9
60.4
36.8
70.5
34.9
37.3
80.7
67.
75.7
57.8
58.2
87.1
35.2
82.5
44.9
47.
64.1
25.1
50.6
74.8
93.5
60.
49.7
45.1
37.9
44.
59.4
54.6
43.8
36.1
50.7
49.
47.4
74.8
43.8
81.9
61.3
84.1
94.5
59.
60.2
35.3
46.4
70.7
5.
74.9
43.3
53.7
26.9
41.8
62.6
48.1
47.7
64.2
34.4
77.7
104.
50.5
72.7
55.6
45.8
63.3
40.6
36.1
55.1
37.5
61.9
42.5
74.9
54.2
23.7
31.3
79.6
53.8
78.3
63.9
35.4
53.8
69.7
56.6
57.
22.
65.2
80.7
70.7
70.2
56.7
29.3
52.3
18.2
52.2
65.
55.4
35.6
49.5
55.3
31.8
31.2
26.8
51.2
55.1
84.4
44.3
71.9
31.1
70.2
51.1
55.4
39.
12.7
44.9
23.1
70.9
47.5