
34.7
47.0
54.3
55.3
52.2
62.0
35.7
56.8
66.8
67.4
29.5
54.6
51.7
74.5
55.7
52.6
69.2
30.5
15.4
55.8
58.2
72.4
29.5
53.1
54.6
71.6
58.1
61.4
55.8
35.7
70.5
32.6
70.4
13.1
68.3
31.8
49.0
43.9
61.6
33.0
49.8
71.1
34.4
33.4
71.2
52.1
50.4
50.2
49.2
62.1
66.2
65.9
28.8
63.1
54.3
43.6
43.2
25.4
59.7
23.7
23.3
51.2
33.6
36.3
49.9
58.1
75.4
65.6
59.5
73.0
60.4
45.6
60.9
29.3
64.8
104.0
15.7
34.1
47.8
62.3
75.1
72.6
63.8
33.7
45.9
73.1
87.9
65.7
43.4
59.7
71.5
28.8
54.6
43.2
38.5
70.3
67.6
56.2
41.1
55.6
41.7
57.2
49.3
54.9
44.5
49.1
60.2
71.1
49.4
48.6
35.1
49.1
77.0
62.5
75.0
31.8
46.6
56.2
59.0
73.7
37.1
67.1
81.6
39.2
37.1
44.9
45.1
18.4
60.5
71.6
58.7
49.9
56.6
72.8
61.3
34.6
49.4
44.3
56.6
67.2
40.9
57.7
39.2
43.0
47.0
63.0
38.0
40.9
42.2
55.5
65.3
55.0
76.8
47.2
83.3
42.3
63.7
40.9
35.7
43.0
50.2
64.9
43.2
74.0
55.4
37.5
60.3
55.1
39.7
45.8
58.4
58.3
26.4
24.3
62.9
65.9
43.2
41.3
59.8
61.1
82.0
52.4
65.0
51.5
52.4
34.9
65.1
51.1
62.8
47.4
63.6
29.9
43.5
88.7
46.7
53.4
53.6
26.4
70.6
73.0
47.0
61.4
75.8
52.7
21.1
69.0
56.0
51.0
80.3
55.2
52.7
58.0
44.0
49.2
70.3
47.8
40.6
72.6
66.6
46.2
71.4
58.8
55.5
44.6
52.0
63.5
54.6
57.9
48.3
39.0
69.2
83.1
41.5
63.0
39.5
34.1
35.6
69.8
53.7
76.3
60.7
59.1
62.2
50.7
44.9
43.1
53.0
67.4
38.3
76.5
35.3
55.9
66.7
14.9
60.3
55.4
55.3
45.0
69.8
39.6
52.6
51.9
47.4
40.8
44.1
58.5
33.9
22.5
67.7
50.8
43.1
73.8
68.8
45.4
31.1
41.0
58.9
47.6
46.3
54.6
59.9
88.9
65.8
60.4
31.9
58.5
45.2
67.4
60.5
37.2
59.7
41.7
57.2
43.7
63.8
37.0
58.1
74.5
50.3
47.2
13.1
104.0
