2838.0
2814.0
1637.0
1486.0
1967.0
1755.0
1652.0
2311.0
2272.0
1802.0
2044.0
2173.0
1409.0
2354.0
1087.0
1166.0
1942.0
1711.0
1904.0
2736.0
1496.0
1849.0
2300.0
1411.0
2218.0
2248.0
1048.0
1605.0
1157.0
2804.0
2025.0
1846.0
1978.0
2101.0
2166.0
1759.0
1772.0
2258.0
1440.0
2113.0
1963.0
1525.0
2395.0
791.0
1273.0
2391.0
2818.0
1613.0
1489.0
2401.0
2619.0
2688.0
1797.0
1271.0
870.0
2631.0
1694.0
2334.0
1168.0
1488.0
1043.0
1408.0
1521.0
1425.0
2095.0
1324.0
1231.0
1047.0
1587.0
1892.0
1611.0
2133.0
2209.0
2724.0
1160.0
3102.0
1443.0
2084.0
2370.0
1827.0
632.0
1540.0
2881.0
1462.0
2163.0
1779.0
1343.0
1632.0
2540.0
1571.0
2776.0
121.0
1519.0
2151.0
1857.0
1900.0
1314.0
1935.0
547.0
572.0
2155.0
2618.0
2103.0
2028.0
2255.0
1647.0
1620.0
1968.0
2412.0
1712.0
2375.0
1959.0
1225.0
2193.0
1366.0
2374.0
406.0
2279.0
1680.0
977.0
1680.0
1824.0
1550.0
1691.0
1373.0
1284.0
612.0
1859.0
2901.0
2713.0
2313.0
2806.0
3177.0
1557.0
2070.0
2252.0
1101.0
1826.0
1389.0
1877.0
2560.0
1405.0
2837.0
2212.0
2072.0
3035.0
1435.0
1450.0
1578.0
1400.0
2442.0
1441.0
3150.0
1818.0
2118.0
2290.0
3218.0
2392.0
2341.0
1041.0
2218.0
3184.0
2090.0
1307.0
2051.0
1662.0
2973.0
1013.0
1662.0
2136.0
1253.0
1255.0
2026.0
1926.0
2510.0
1182.0
1973.0
1662.0
1926.0
2021.0
2320.0
1864.0
1311.0
2353.0
1705.0
1262.0
2444.0
1825.0
1526.0
1450.0
1249.0
2458.0
1364.0
1637.0
1847.0
2264.0
569.0
2355.0
1498.0
1632.0